P00524-151911.jpg 1660,402,2145,894,0 2546,714,3025,1205,0 2929,1121,3408,1612,0 2175,1205,2642,1666,0 1840,2091,2307,2552,0 1444,870,1929,1349,1 2642,1923,3037,2331,1 941,1810,1301,2175,2 1762,1301,2139,1660,1
P00524-151918.jpg 923,534,1301,894,0 2786,343,3151,726,0 1882,798,2235,1157,0 1888,1666,2265,2043,0 2666,1780,3025,2139,0 2331,2001,2666,2355,0 1013,1450,1325,1768,1 989,2432,1277,2696,2 2738,965,3025,1253,1
P00524-151929.jpg 2678,295,3073,714,0 2211,558,2618,965,0 2450,1109,2822,1492,0 3265,1444,3648,1804,0 989,965,1373,1361,0 774,1552,1157,1911,0 1085,1995,1420,2313,0 1666,2121,2007,2450,0 1935,349,2247,678,1 1253,2355,1540,2618,1 1756,1540,2043,1792,2
P00524-151944.jpg 1444,355,1828,762,0 2402,343,2786,756,0 690,678,1085,1061,0 941,1193,1283,1540,0 1504,1265,1852,1588,0 1947,1241,2307,1564,0 2103,1660,2450,1959,0 989,2115,1283,2402,0 1756,2546,1995,2768,1 1001,2391,1277,2600,1 3049,917,3325,1193,2 1666,2091,1911,2307,2
P00524-151953.jpg 822,810,1205,1211,0 1283,642,1684,1037,0 1636,1049,2019,1397,0 1349,1349,1732,1660,0 1205,1911,1516,2211,0 1947,2097,2259,2379,0 2594,1067,2953,1420,0 2558,1738,2905,2049,0 3145,1349,3456,1660,1 774,2319,1049,2546,1 2450,630,2750,929,2 2211,1426,2474,1684,2
P00524-152004.jpg 1696,223,2145,702,0 2810,684,3289,1133,0 1301,1444,1684,1834,0 834,1522,1253,1899,0 1349,2391,1684,2714,0 2127,1013,2474,1349,1 630,1205,953,1540,1 2127,1468,2414,1744,2 1043,1888,1337,2139,2
P00524-152030.jpg 1211,732,1618,1073,0 2858,588,3229,917,0 2498,852,2888,1181,0 2187,1187,2618,1540,0 1756,1205,2175,1564,0 923,1540,1385,1971,0 666,2271,1085,2720,1 2043,798,2379,1061,1 1684,1995,2031,2367,2 3169,1492,3504,1792,2
P00524-152038.jpg 1780,355,2151,702,0 2714,726,3085,1085,0 1738,1229,2115,1612,0 2379,1876,2768,2283,0 1420,1876,1804,2259,0 1373,1397,1732,1762,0 1109,1235,1420,1540,1 2502,2299,2806,2635,1 2630,1229,2911,1504,2 2187,2385,2474,2690,2
P00524-152052.jpg 1977,582,2438,1025,0 2744,564,3193,1013,0 3241,1043,3708,1516,0 2570,989,3037,1432,0 2840,1738,3349,2235,0 2546,2241,3073,2768,0 1095,1307,1478,1684,1 1636,1289,2007,1684,1 1385,2067,1768,2474,2 2355,1756,2702,2097,2
P00524-152108.jpg 2235,229,2642,612,0 2534,702,2983,1109,0 2630,1193,3097,1636,0 2067,1426,2534,1876,0 2031,810,2474,1229,0 1929,2211,2402,2696,0 1522,612,1864,941,1 1636,1516,1995,1876,1 1636,1121,1947,1432,2 2474,1732,2810,2055,2
P00524-152122.jpg 708,714,1205,1091,0 1043,995,1540,1397,0 2786,852,3289,1259,0 1402,2163,2043,2822,0 2289,1732,2870,2283,0 2786,2067,3408,2690,0 2091,1277,2522,1636,1 756,1756,1229,2199,1 1756,738,2091,995,2 1612,1492,2019,1852,2
P00524-152144.jpg 438,1349,786,1732,0 1277,1109,1672,1468,0 1450,612,1828,947,0 1708,1061,2091,1444,0 1097,1804,1540,2235,0 2582,1636,3055,2091,0 2163,1013,2510,1307,1 941,1456,1259,1780,1 1684,1588,1983,1899,2 1947,1852,2265,2187,2
P00524-152155.jpg 1528,738,1953,1115,0 2870,941,3325,1337,0 2762,1426,3253,1876,0 2426,2295,2953,2840,0 1714,1379,2163,1804,0 1385,1732,1840,2187,0 810,1552,1163,1899,1 2295,1420,2666,1768,1 1474,253,1780,498,2 2163,307,2474,558,2
P00524-152208.jpg 822,498,1253,798,0 1253,684,1732,989,0 2450,965,2941,1325,0 989,1145,1516,1540,0 1756,1474,2313,1953,0 2019,1947,2666,2546,0 1157,1762,1684,2211,1 2834,1792,3337,2265,1 1720,606,2043,798,2 2073,714,2414,965,2
P00524-152213.jpg 678,2139,1325,2726,0 2379,1738,2929,2247,0 2894,1379,3397,1810,0 2169,1139,2648,1516,0 2534,702,2953,995,0 1504,618,1923,894,0 1337,1995,1828,2450,1 2642,1085,3001,1349,1 2283,822,2594,1061,2 1522,438,1804,606,2
P00524-152222.jpg 2365,544,2748,874,0 1025,1636,1420,2007,0 1660,1642,2043,2043,0 2283,1444,2690,1834,0 2570,1816,2977,2235,0 1690,2343,2115,2786,0 1876,1253,2187,1564,1 965,2313,1307,2666,1 1397,391,1684,630,2 1019,870,1277,1115,2